15	20083741	20083983	21577
15	20084060	20084290	34190
15	20086385	20086627	15152
15	20087477	20087718	35848
15	20090202	20090346	4112
15	20092964	20093085	9483
15	20169885	20170246	49438
15	20170270	20170391	15214
15	20178006	20178127	15630
15	20178387	20178508	15310
15	20217932	20218053	22260
15	20278993	20279384	79505
15	20315921	20316042	12471
15	20316678	20316888	26591
15	20317576	20317697	8293
15	20327303	20327422	52896
15	20328098	20328220	58209
15	20359830	20359971	30151
15	20362642	20363158	156653
15	20363337	20363458	41053
15	20364243	20364469	33395
15	20365384	20365484	24563
15	20365903	20366079	20238
15	20370385	20370486	9333
15	20433869	20434130	35442
15	20444654	20444852	31350
15	20445948	20446095	12860
15	20448087	20448211	12758
15	20450132	20450459	42034
15	20453917	20454097	15108
15	20456629	20456786	24059
15	20457168	20457383	34697
15	20462537	20462704	12167
15	20467084	20467184	9684
15	20487542	20487643	1362
15	20488739	20488950	21770
15	20489316	20489495	21748
15	20490497	20490598	27795
15	20495253	20495466	68802
15	20496591	20496691	9461
15	20535838	20535960	49841
15	20536637	20536759	30757
15	20588525	20588766	10983
15	20613905	20614005	3023
15	20635426	20635527	13126
15	20636295	20636536	37272
15	20641052	20641293	61001
15	20642494	20642735	43378
15	20643835	20644115	59243
15	20644156	20644397	49603
15	20644713	20644954	69076
15	20645689	20645931	66988
15	20648561	20648819	39520
15	20649454	20649696	68703
15	20651084	20651325	61633
15	20657595	20657836	67474
15	20658558	20658799	30774
15	20658822	20659298	80405
15	20659738	20659965	66678
15	20662534	20662775	94145
15	20662788	20663266	141274
15	20663471	20663713	88199
15	20666398	20666639	48048
15	20667550	20667707	25185
15	20668017	20668254	73396
15	20669289	20669389	25405
15	20671447	20671623	42612
15	20682123	20682244	39152
15	20688591	20688772	37170
15	20710618	20710739	25774
15	20721603	20721704	4666
15	20723881	20724108	35490
15	20724244	20724345	24215
15	20725690	20725863	27637
15	20733077	20733178	21225
15	20737959	20738401	158480
15	20738767	20738888	31938
15	20739389	20741038	821202
15	20741571	20741812	83433
15	20742061	20742183	17252
15	20743461	20743703	102634
15	20743717	20743838	28329
15	20743877	20743999	46151
15	20744993	20745235	67276
15	20746765	20747132	104940
15	20767760	20767881	61420
15	20769481	20769707	87218
15	20770227	20770327	30281
15	20770391	20770632	97769
15	20771384	20771505	30185
15	20771701	20771822	59715
15	20771855	20771976	56714
15	20771988	20772229	68781
15	20773169	20773303	45417
15	20773313	20773513	61695
15	20773666	20773787	21284
15	20774087	20774438	51172
15	20774637	20774765	37457
15	20775741	20775905	40257
15	20776078	20776228	44101
15	20776593	20776714	17186
15	20776955	20777171	33195
15	20777229	20777590	114388
15	20777596	20777838	75468
15	20777850	20778092	58406
15	20810831	20810983	25231
15	20811252	20811361	220
15	20812244	20812344	345
15	20812444	20812551	849
15	20812740	20812841	1930
15	20813203	20813459	4748
15	20813715	20813942	12660
15	20832063	20832184	20801
15	20832303	20832424	20629
15	20832840	20833942	134137
15	20862975	20863076	5389
15	20867276	20867397	12265
15	20874782	20874974	21817
15	20876441	20876641	17847
15	21008990	21009141	7617
15	21038111	21038211	30127
15	21040704	21040945	42867
15	21042513	21042754	34858
15	21051124	21051365	52530
15	21052334	21052456	41902
15	21053795	21053936	36321
15	21057878	21057999	10375
15	21059359	21059481	25842
15	21061912	21062153	15079
15	21063430	21063556	15414
15	21066336	21066577	52218
15	21066639	21066881	57162
15	21071159	21071650	146949
15	21119387	21119487	14312
15	21122018	21122126	15928
15	21127113	21127247	14433
15	21128490	21128591	3169
15	21129057	21129264	3949
15	21131905	21132006	955
15	21132048	21132149	1593
15	21134192	21134292	6045
15	21134511	21134707	9648
15	21136551	21136651	14645
15	21137106	21137229	8569
15	21137490	21137651	9868
15	21138009	21138354	27787
15	21139829	21139971	37067
15	21140110	21140211	5730
15	21140763	21140896	4339
15	21224655	21224776	14952
15	21236562	21236804	49492
15	21286182	21286573	73036
15	21321237	21321338	1836
15	21322498	21322658	13359
15	21323294	21323755	55892
15	21324192	21324469	19308
15	21324606	21324761	3799
15	21325192	21325293	1272
15	21325322	21325478	2691
15	21334710	21334832	47645
15	21366435	21366576	34291
15	21369249	21369765	92642
15	21369944	21370065	22545
15	21370943	21371076	33997
15	21902933	21903054	41442
15	21937942	21938063	3706
15	22013121	22013242	8515
15	22015773	22015894	5163
15	22049261	22049361	30349
15	22051856	22052097	40900
15	22053663	22053904	35092
15	22062278	22062519	18849
15	22063488	22063610	43279
15	22064949	22065090	37880
15	22069032	22069153	8362
15	22070513	22070635	23965
15	22073068	22073309	19457
15	22074587	22074709	17899
15	22077496	22077737	57328
15	22077799	22078041	53038
15	22082319	22082810	76321
15	22140236	22140357	14679
15	22148666	22148787	13492
15	22151026	22151149	34339
15	22297446	22297568	11601
15	22297686	22297808	9868
15	22298168	22298290	9724
15	22318954	22319614	23514
15	22332480	22333000	57312
15	22344917	22345278	49848
15	22368565	22369527	78399
15	22382463	22383433	72480
15	22413533	22414386	85417
15	22440294	22440846	22161
15	22448371	22448688	59738
15	22448746	22448846	18970
15	22466022	22466390	60925
15	22466409	22466533	26157
15	22472881	22473253	54635
15	22473269	22473390	18565
15	22482800	22483161	64533
15	22483199	22483320	12660
15	22489929	22490050	3902
15	22566800	22566920	6795
15	22566971	22567092	17150
15	22691010	22691131	53899
15	22705282	22705528	61795
15	22705540	22705782	50971
15	22705788	22706149	96879
15	22706208	22706424	42320
15	22706664	22706785	66577
15	22707150	22707300	66970
15	22707474	22707637	49948
15	22708613	22708741	34314
15	22708940	22709277	64882
15	22709568	22709731	27983
15	22709885	22710085	46416
15	22710095	22710229	43958
15	22711169	22711410	48173
15	22711422	22711543	10253
15	22711587	22711687	13828
15	22711893	22712014	27803
15	22712771	22713007	115308
15	22713072	22713172	31779
15	22713691	22713917	98760
15	22715519	22715640	10043
15	22736226	22736593	123749
15	22738123	22738365	93699
15	22739358	22739480	34678
15	22739519	22739640	61578
15	22739654	22739896	119006
15	22741175	22741297	53340
15	22741546	22741787	75500
15	22742325	22743704	847313
15	22743981	22744083	16815
15	22744205	22744326	31301
15	22744693	22745135	154777
15	22782195	22782345	8765
15	22833476	22833717	2255
15	22835851	22836002	6026
15	22836053	22836206	4098
15	22840200	22840351	6851
15	22841017	22841138	5617
15	22841964	22842235	4248
15	22845697	22845938	19822
15	22846816	22846967	13766
15	22848223	22848344	4808
15	22848816	22849177	23800
15	22850886	22851127	17196
15	22853670	22853911	9931
15	22854979	22855340	16610
15	22861714	22861955	8413
15	22862877	22863148	11285
15	22864156	22864397	15823
15	22866696	22866817	6792
15	22866834	22867075	10506
15	22867425	22867666	18606
15	22868782	22869023	7392
15	22869897	22870018	12813
15	22872387	22872547	12450
15	22873163	22873284	6834
15	22921548	22921716	7375
15	22925689	22926080	16630
15	22928076	22928227	9191
15	22928368	22928520	7125
15	22929653	22929924	14052
15	22933517	22933668	9884
15	22933690	22933931	9372
15	22935850	22935974	9015
15	22939129	22939280	8767
15	22940662	22940906	11472
15	22944979	22945220	4565
15	22946902	22947143	10926
15	22954141	22954412	12128
15	22955055	22955326	9124
15	22956038	22956634	44541
15	22958142	22958383	18219
15	22960749	22960900	5534
15	22962231	22962352	14452
15	22962430	22962558	5641
15	22963693	22963934	35334
15	22969141	22969382	15640
15	22980073	22980194	5807
15	22989977	22990248	10384
15	22991085	22991236	7859
15	22992938	22993172	9419
15	22997741	22997892	6440
15	22998409	22998530	6761
15	22999246	22999637	13033
15	23000048	23000289	28573
15	23002836	23003077	8099
15	23003160	23003261	1230
15	23006100	23006897	26441
15	23012237	23012478	13698
15	23014421	23014542	1539
15	23019766	23019887	6550
15	23021115	23021386	8734
15	23034206	23034320	1091
15	23043578	23043679	1870
15	23044188	23044289	3416
15	23044354	23044454	4680
15	23044689	23044789	10475
15	23044832	23044932	5241
15	23047169	23047270	3263
15	23048117	23048218	3522
15	23048783	23049384	26882
15	23052523	23052794	13717
15	23060798	23060919	4409
15	23062204	23062355	5459
15	23086224	23086441	2333
15	23098342	23098463	15356
15	23105271	23105392	9647
15	23105952	23106071	37332
15	23107175	23107276	11012
15	23108751	23108939	29256
15	23114062	23114163	7424
15	23114189	23114292	15524
15	23128394	23128515	11834
15	23130457	23130644	22038
15	23131798	23132047	20881
15	23138912	23139118	28704
15	23140290	23140430	8003
15	23142428	23142549	13647
15	23145814	23145934	23965
15	23155341	23155462	6894
15	23157832	23158196	54141
15	23194798	23194919	13516
15	23196227	23196348	38110
15	23198471	23198712	13769
15	23200198	23200416	12640
15	23200613	23200790	19404
15	23201488	23201684	29833
15	23205024	23205168	33782
15	23255302	23255423	42569
15	23256996	23257237	52071
15	23257855	23257976	16563
15	23258049	23258170	30907
15	23258300	23258422	41449
15	23259213	23259334	18823
15	23259345	23259586	35544
15	23259612	23259733	44657
15	23259745	23259986	84523
15	23260792	23260913	26200
15	23260936	23261136	42951
15	23261289	23261410	36075
15	23261709	23262568	192116
15	23263231	23263395	30158
15	23263568	23263718	27994
15	23264083	23264204	26566
15	23264503	23265065	82096
15	23265099	23265338	39860
15	23265345	23265588	59173
15	23285292	23285600	43939
15	23286534	23286754	46191
15	23287902	23288163	17222
15	23293216	23293316	26850
15	23293321	23293562	100314
15	23293581	23293748	48762
15	23295540	23295666	30412
15	23295763	23295963	70057
15	23299022	23299121	15210
15	23299627	23299868	63446
15	23299914	23300167	49808
15	23303754	23303995	66123
15	23308514	23308755	14929
15	23309957	23310197	48651
15	23311300	23311577	50377
15	23311618	23311859	56826
15	23312113	23312354	16439
15	23313088	23313330	27867
15	23315973	23316231	47859
15	23316866	23317108	67869
15	23318496	23318737	76852
15	23324998	23325239	88751
15	23325961	23326202	44622
15	23326225	23326701	63682
15	23327141	23327368	66711
15	23329934	23330175	32761
15	23330188	23330667	91044
15	23330872	23331114	95375
15	23333802	23334043	34677
15	23334954	23335111	23920
15	23335421	23335658	58398
15	23336693	23336793	25138
15	23338852	23339028	32532
15	23349563	23349684	42339
15	23356041	23356222	33575
15	23377384	23377519	31282
15	23388398	23388499	48213
15	23390674	23390901	32346
15	23391037	23391138	19370
15	23392484	23392657	20649
15	23399870	23399971	16423
15	23404732	23405174	97246
15	23405541	23405662	30548
15	23406163	23408142	700308
15	23408674	23408915	68750
15	23409164	23409286	38370
15	23410559	23410801	42490
15	23410815	23410936	53864
15	23410975	23411097	22884
15	23412090	23412332	50150
15	23413862	23414013	92237
15	23414089	23414211	30624
15	23435156	23435277	53990
15	23436879	23437105	82922
15	23437625	23437725	23523
15	23437789	23438030	18663
15	23438782	23438903	20014
15	23439110	23439210	55352
15	23439253	23439374	59489
15	23439386	23439627	72923
15	23440567	23440701	47638
15	23440711	23440911	64997
15	23441064	23441227	37643
15	23441485	23441836	95415
15	23442035	23442163	34297
15	23443139	23443303	43402
15	23443476	23443626	1761
15	23443991	23444112	41806
15	23444353	23444569	29687
15	23444627	23444988	54514
15	23444994	23445236	57769
15	23445248	23445490	45607
15	23445507	23445608	8525
15	23445724	23445824	16580
15	23445968	23446068	23118
15	23446725	23446890	4585
15	23448220	23448413	16963
15	23499467	23499588	22262
15	23499707	23499828	20360
15	23500482	23500603	5082
15	23500919	23501160	29869
15	23570537	23570979	163181
15	23571346	23571467	31284
15	23571590	23571692	17237
15	23571968	23573376	263516
15	23573909	23574150	80378
15	23574399	23574521	56207
15	23575799	23576041	103232
15	23576055	23576176	69190
15	23576215	23576337	43045
15	23577330	23577572	63901
15	23579102	23579253	75820
15	23579275	23579397	29104
15	23599955	23600076	47806
15	23601676	23601902	120098
15	23602422	23602522	35555
15	23602586	23602822	95587
15	23603576	23603697	30924
15	23603904	23604004	63037
15	23604047	23604168	57136
15	23604180	23604421	65186
15	23605360	23605494	37920
15	23605504	23605704	63384
15	23605857	23606020	42395
15	23606328	23606644	74393
15	23606843	23606971	38938
15	23607954	23608202	11138
15	23608288	23608438	54673
15	23608809	23608930	19026
15	23609229	23609469	44467
15	23609489	23609790	59005
15	23609824	23610063	39873
15	23610070	23610313	61927
15	23631361	23631461	5259
15	23684651	23685020	48188
15	23685496	23686917	299833
15	23687075	23687316	50450
15	23687564	23687686	28848
15	23688890	23689251	45068
15	23689272	23689393	22034
15	23689571	23689692	14574
15	23690399	23690640	9224
15	23692225	23692346	5998
15	23810910	23813168	164577
15	23820475	23820576	1860
15	23855726	23855827	1917
15	23889088	23892889	229797
15	23931254	23932478	52746
15	24921005	24928594	320466
15	25154453	25154574	7297
15	25200100	25200262	13899
15	25207217	25207368	5012
15	25213040	25213194	12229
15	25219492	25219661	18790
15	25220048	25220148	2737
15	25220459	25220700	15033
15	25221442	25221573	10274
15	25221978	25222219	11671
15	25222842	25223113	11451
15	25223251	25223632	12380
15	25225025	25225266	13043
15	25227086	25227237	2701
15	25230218	25230339	6119
15	25232045	25232166	4164
15	25277543	25277834	20375
15	25287092	25287213	13924
15	25296609	25296730	10586
15	25299342	25299463	10967
15	25301992	25302142	14027
15	25304671	25304792	13251
15	25307465	25307586	11508
15	25310159	25310280	12576
15	25312920	25313041	13526
15	25315564	25315686	13313
15	25318239	25318360	10920
15	25319250	25319371	3538
15	25321060	25321181	8153
15	25322182	25322303	6213
15	25324189	25324310	9009
15	25325273	25325394	12480
15	25326276	25326397	11526
15	25326418	25326539	15535
15	25327672	25328020	48456
15	25328487	25328840	41372
15	25330310	25330431	17902
15	25330516	25330637	12507
15	25331658	25331779	11623
15	25332793	25332914	12634
15	25333935	25334056	12442
15	25335054	25335175	13346
15	25336917	25337038	11429
15	25337107	25337524	50140
15	25339168	25339289	9476
15	25342794	25342915	7260
15	25344632	25344753	7634
15	25346676	25346827	4404
15	25349772	25349893	8974
15	25351617	25351768	7633
15	25415849	25415970	6800
15	25417761	25417882	7333
15	25420053	25420174	11963
15	25421957	25422079	8746
15	25423864	25423985	13221
15	25425623	25425744	8534
15	25427511	25427632	6359
15	25429432	25429553	5604
15	25430757	25430878	10428
15	25432661	25432782	12225
15	25434540	25434661	11441
15	25436542	25436663	14786
15	25438447	25438568	13635
15	25440046	25440167	9729
15	25442701	25442822	12198
15	25444574	25444695	8504
15	25446449	25446570	9559
15	25448353	25448474	10077
15	25449483	25449604	8559
15	25451388	25451509	12681
15	25453208	25453329	11468
15	25455044	25455165	11018
15	25456922	25457043	6768
15	25460667	25460788	6951
15	25463743	25463864	7828
15	25468372	25468493	5282
15	25470329	25470450	8346
15	25472235	25472356	5908
15	25474093	25474214	5808
15	25475964	25476085	7881
15	25477513	25477634	8877
15	25479373	25479494	12443
15	25481211	25481332	13246
15	25483112	25483233	4135
15	25484964	25485085	9396
15	25486872	25486993	6474
15	25488740	25488861	11954
15	25490604	25490725	7312
15	25492471	25492592	9778
15	25494324	25494445	10771
15	25495985	25496106	9599
15	25514906	25515027	4755
15	25523461	25523582	12846
15	25584274	25584465	5959
15	25585182	25585423	12580
15	25599475	25599596	4218
15	25599631	25599872	8439
15	25600999	25601240	8099
15	25601819	25602060	7976
15	25605480	25605721	11430
15	25615674	25616995	62123
15	25620579	25620940	18904
15	25650547	25650678	3446
15	25652187	25652308	6691
15	25653719	25653840	5949
15	25654183	25654304	4339
15	25683635	25683767	0
15	25924176	25924276	1943
15	25924335	25925164	26058
15	25925210	25925481	14181
15	25925917	25926071	14140
15	25926089	25926240	8564
15	25928381	25928652	4268
15	25932761	25933032	13691
15	25936838	25936959	7895
15	25939918	25940309	24149
15	25947003	25947274	23347
15	25953034	25953305	9906
15	25953334	25953457	8398
15	25958803	25959404	83897
15	25961852	25962093	14724
15	25963286	25963557	37116
15	25966748	25967109	29906
15	25968951	25969222	8727
15	25971063	25971283	9619
15	25972268	25972423	6612
15	25981154	25981305	11679
15	26026116	26026387	12127
15	26093592	26093692	1594
15	26107777	26108258	25938
15	26147482	26147723	8390
15	26260465	26260706	8990
15	26788742	26788965	9061
15	26789039	26789140	4488
15	26789400	26789501	4537
15	26789982	26790083	4866
15	26790216	26790317	2959
15	26790407	26790508	2596
15	26790585	26790686	4003
15	26790899	26791000	1874
15	26791088	26791189	2584
15	26791320	26791421	2070
15	26791425	26791767	20328
15	26792557	26792658	2260
15	26792746	26792847	3580
15	26792929	26793291	14231
15	26805989	26806380	35687
15	26812682	26812923	7058
15	26825413	26825654	4671
15	26828458	26828579	5416
15	26866449	26866691	7039
15	26874087	26874187	3116
15	27011083	27011183	3399
15	27017521	27017642	4976
15	27017812	27017933	10801
15	27018014	27018173	0
15	27018770	27018891	789
15	27061476	27061597	3542
15	27114377	27114498	8228
15	27125932	27126176	12160
15	27128234	27128406	6279
15	27128469	27128714	9676
15	27159929	27160050	6628
15	27182282	27182523	15758
15	27184344	27184599	8829
15	27185017	27185267	18273
15	27188346	27188587	10853
15	27193049	27193410	10856
15	27193433	27193704	12592
15	27216647	27216768	188
15	27222101	27222342	7837
15	27271873	27271994	7088
15	27272697	27272797	10320
15	27567584	27567685	2659
15	27571884	27572245	18772
15	27573932	27574053	10110
15	27574153	27574253	6221
15	27586089	27586210	14220
15	27725353	27725454	6516
15	27725743	27725984	8110
15	27765072	27765313	9300
15	27772555	27772796	24725
15	27773047	27773168	1895
15	27775747	27775868	9197
15	27777705	27778066	49479
15	27890429	27890550	22429
15	28000514	28000635	6815
15	28081728	28081828	1593
15	28090060	28090211	6448
15	28096483	28096634	7453
15	28116290	28116414	6029
15	28116947	28117098	2614
15	28171215	28171456	5068
15	28195621	28195742	2190
15	28196892	28197048	6072
15	28200241	28200392	6317
15	28202656	28202927	13164
15	28211780	28212000	9503
15	28228408	28228679	24166
15	28230150	28230391	3732
15	28231699	28231820	4281
15	28234688	28234839	6252
15	28235666	28235817	2766
15	28259877	28260118	7668
15	28261229	28261350	4976
15	28263471	28263742	10754
15	28267621	28267742	2101
15	28269928	28270079	6641
15	28272959	28273230	13695
15	28277168	28277319	4125
15	28326784	28327030	2456
15	28356434	28356724	21875
15	28356863	28357224	23747
15	28358201	28358442	13014
15	28358680	28358834	5348
15	28359731	28359972	13819
15	28360565	28360697	8735
15	28361756	28362027	12494
15	28362078	28362639	26464
15	28366442	28366593	8179
15	28369160	28369401	5928
15	28370094	28370365	14870
15	28375257	28375498	12234
15	28375603	28375754	4709
15	28377205	28377446	17417
15	28377736	28378007	8228
15	28380609	28380850	11065
15	28386525	28386796	21166
15	28386813	28387054	13359
15	28387340	28387581	27254
15	28387914	28388155	13743
15	28388956	28389421	12882
15	28389763	28390004	13483
15	28391373	28391500	9380
15	28397778	28398019	8847
15	28408184	28408455	9357
15	28412811	28413022	10474
15	28413523	28413764	13364
15	28414594	28414835	14734
15	28419531	28419776	27679
15	28420608	28420849	44355
15	28421508	28421779	39419
15	28421782	28421933	10190
15	28422033	28422304	13161
15	28422548	28422669	4916
15	28423953	28424224	9109
15	28424237	28424388	3507
15	28427537	28427668	6279
15	28431659	28431930	25148
15	28436077	28436216	9825
15	28436246	28436400	4312
15	28437080	28437321	7450
15	28441309	28441550	87104
15	28441569	28441725	28282
15	28443465	28443706	44583
15	28443709	28443950	72042
15	28446589	28446710	11415
15	28447205	28447806	57812
15	28451335	28451576	54866
15	28456098	28456339	40143
15	28457538	28457779	38406
15	28458878	28459128	41500
15	28459168	28459439	39335
15	28459753	28459994	32831
15	28460729	28460977	38941
15	28463604	28463845	28000
15	28465572	28465814	61615
15	28467146	28467387	50739
15	28473338	28473579	55868
15	28474295	28474536	35993
15	28474552	28475028	76282
15	28475458	28475685	66445
15	28478268	28478509	72323
15	28478522	28478995	162085
15	28479201	28479443	125216
15	28482062	28482304	30737
15	28483214	28483373	20161
15	28483681	28483952	70169
15	28490998	28491239	4576
15	28491814	28492085	8982
15	28493668	28493909	9864
15	28499423	28499694	19997
15	28500958	28501473	46011
15	28502185	28502426	34891
15	28505868	28506139	20345
15	28508008	28508369	36789
15	28510754	28510887	9349
15	28510920	28511161	16798
15	28513565	28513806	7645
15	28514336	28514607	7907
15	28515776	28516047	38219
15	28517325	28517566	25278
15	28518030	28518160	27134
15	28519393	28519634	11100
15	28520009	28520161	3690
15	28525202	28525443	12263
15	28537979	28538220	48264
15	28544483	28544724	28777
15	28560816	28560937	7612
15	28566482	28566603	17365
15	28593858	28594300	135664
15	28594667	28594788	26421
15	28595289	28597226	758155
15	28597759	28598000	73632
15	28598249	28598371	57428
15	28599649	28599891	114874
15	28599905	28600026	67835
15	28600065	28600187	79676
15	28601181	28601423	100213
15	28602953	28603104	63661
15	28603162	28603283	3836
15	28623870	28623991	58101
15	28625591	28625817	109644
15	28626337	28626437	39584
15	28626501	28626737	116017
15	28627493	28627614	19516
15	28627821	28627921	55832
15	28627964	28628085	59880
15	28628097	28628338	85935
15	28629277	28629411	23236
15	28629421	28629621	47845
15	28629774	28629937	67159
15	28630231	28630568	82752
15	28630767	28630895	29862
15	28631874	28632038	51617
15	28632211	28632332	19450
15	28632732	28632853	42927
15	28633152	28633273	19998
15	28633374	28633735	135528
15	28633741	28633983	64657
15	28633995	28634241	87631
15	28634254	28634355	13872
15	28634471	28634571	23513
15	28634715	28634815	25525
15	28650063	28650184	13142
15	28751764	28751885	32165
15	28767685	28767931	75783
15	28767943	28768185	62102
15	28768191	28768552	135519
15	28768653	28768774	27195
15	28769073	28769194	60581
15	28769594	28769715	24086
15	28769889	28770052	54639
15	28771031	28771159	48119
15	28771358	28771695	99710
15	28771988	28772151	63716
15	28772304	28772504	56178
15	28772514	28772648	38638
15	28773587	28773828	82725
15	28773840	28773961	56221
15	28774005	28774105	57617
15	28774311	28774432	20925
15	28775188	28775424	120703
15	28775489	28775589	41292
15	28776108	28776334	44104
15	28777934	28778055	59333
15	28798658	28798780	31418
15	28798820	28798971	84267
15	28800501	28800743	93861
15	28801736	28801858	35283
15	28801897	28802018	62820
15	28802032	28802274	101415
15	28803545	28803667	41893
15	28803916	28804157	69306
15	28804694	28806631	853367
15	28807132	28807253	28137
15	28807620	28808062	126011
15	28810858	28810958	11213
15	28820174	28820347	23317
15	28821693	28821794	17440
15	28821930	28822157	20461
15	28824343	28824544	58994
15	28835297	28835450	14819
15	28857201	28857382	20154
15	28863733	28863854	41789
15	28874411	28874587	15215
15	28876646	28876746	24659
15	28877782	28878018	77059
15	28878328	28878485	19846
15	28878689	28878931	8306
15	28881618	28881860	93356
15	28882065	28882544	85413
15	28882557	28882798	33760
15	28885364	28885591	54080
15	28886031	28886507	50697
15	28886530	28886771	21532
15	28887493	28887734	80699
15	28893998	28894239	50397
15	28895627	28895869	65708
15	28896504	28896762	47411
15	28899389	28899637	35150
15	28900371	28900612	13751
15	28900618	28900859	5927
15	28900900	28901177	16730
15	28902281	28902522	28425
15	28903719	28903960	21561
15	28908474	28908715	61531
15	28912294	28912609	22843
15	28912654	28912895	15578
15	28913402	28913501	5617
15	28916579	28916680	35145
15	28916684	28916785	36955
15	28916876	28917002	30628
15	28918797	28918963	16092
15	28918982	28919223	88730
15	28924347	28924447	2548
15	28924516	28924777	6424
15	28925918	28926139	38965
15	28927224	28927400	21943
15	28929625	28929726	4312
15	28947066	28947309	60617
15	28947359	28947555	26608
15	28947589	28947891	56111
15	28947910	28948150	40382
15	28948449	28948570	16514
15	28948935	28949085	46869
15	28949259	28949422	30077
15	28950078	28950937	218822
15	28951244	28951365	38145
15	28951517	28951652	35676
15	28951741	28951862	24207
15	28952827	28953068	54815
15	28953080	28953201	38919
15	28953227	28953468	74182
15	28953479	28953600	23279
15	28954391	28954513	49410
15	28954643	28954764	35171
15	28954837	28954958	16672
15	28955571	28955812	75006
15	28957384	28957505	43783
15	28982728	28983076	887
15	28986255	28986402	37684
15	28989848	28990045	34149
15	28990740	28990917	26685
15	28991119	28991295	12480
15	28992817	28993058	11985
15	28995182	28995303	37622
15	28996612	28996733	10280
15	29034304	29034668	53223
15	29037053	29037174	7339
15	29046576	29046696	23519
15	29049961	29050082	10118
15	29052121	29052221	8589
15	29053393	29053598	28984
15	29060492	29060796	31465
15	29061898	29062084	27929
15	29064035	29064156	11512
15	29078421	29078524	13707
15	29083804	29083904	16701
15	29346051	29347048	66191
15	29363209	29363330	8558
15	29367072	29367223	6302
15	29368214	29368335	12207
15	29385229	29385470	9557
15	29386437	29386558	12975
15	29390674	29390795	6691
15	29393773	29394141	15175
15	29397550	29397791	14404
15	29398764	29399035	7845
15	29400381	29400778	13720
15	29406027	29406268	12048
15	29409209	29409360	13678
15	29410335	29410435	7340
15	29415518	29415879	43168
15	29416865	29416986	1147
15	29418400	29418761	18996
15	29420968	29421089	4047
15	29428515	29428756	11183
15	29429195	29429436	14327
15	29443869	29444110	16810
15	29488572	29488813	7500
15	29525933	29526033	16983
15	29526401	29527089	87976
15	29544571	29544683	1505
15	29560622	29560723	1777
15	29560971	29562034	36175
15	29672671	29672771	4828
15	29673956	29674057	4246
15	29683412	29683513	3012
15	29844315	29844416	3602
15	29862708	29862928	0
15	29992400	29992536	9401
15	29992567	29992790	8040
15	29993005	29993105	8760
15	29993257	29993358	6310
15	29993432	29993604	8426
15	29993754	29993905	8576
15	29996316	29996557	8943
15	29997719	29997960	5920
15	30000700	30001301	24245
15	30002998	30003239	17132
15	30008777	30009052	20173
15	30010176	30010332	8993
15	30010424	30011385	81421
15	30011919	30012280	22133
15	30012525	30012922	19758
15	30018571	30018693	6107
15	30018968	30019209	10141
15	30020120	30020241	3889
15	30024593	30024744	3521
15	30024805	30025046	5087
15	30025286	30025527	10501
15	30026468	30026596	11701
15	30029421	30029662	14304
15	30033525	30033650	2334
15	30034794	30035035	15379
15	30053264	30053535	13684
15	30053766	30054007	12060
15	30054528	30054651	3016
15	30058395	30058786	29365
15	30064256	30064379	5904
15	30065397	30065617	10343
15	30070102	30070223	4348
15	30092815	30092936	4505
15	30112687	30112808	3019
15	30114156	30114277	85
15	30337368	30337519	6964
15	30375218	30375339	49095
15	30376004	30376105	9006
15	30376912	30377093	40508
15	30377760	30377881	18918
15	30377954	30378075	39781
15	30378206	30378327	49594
15	30379118	30379236	24466
15	30379310	30379552	79833
15	30379578	30379699	55315
15	30379711	30380217	79334
15	30380935	30381036	16076
15	30381135	30381269	14678
15	30381421	30381542	39272
15	30381849	30382591	157941
15	30383377	30383541	41492
15	30383714	30383864	24133
15	30384229	30384350	39467
15	30384649	30385211	116735
15	30385245	30385484	40718
15	30385491	30385734	57696
15	30392379	30392479	15184
15	30393164	30393378	34924
15	30394123	30394249	59174
15	30396109	30396211	43401
15	30402496	30402616	27081
15	30406092	30406218	2475
15	30409067	30409211	9829
15	30419865	30419987	19437
15	30423305	30423471	49621
15	30427314	30427435	49562
15	30428100	30428201	20781
15	30429007	30429248	89621
15	30429858	30429979	29616
15	30430052	30430173	40981
15	30430304	30430425	50033
15	30431229	30431330	7691
15	30431410	30431652	81626
15	30431678	30431799	54361
15	30431811	30432317	83468
15	30433037	30433138	24463
15	30433237	30433371	33485
15	30433523	30433644	25286
15	30433951	30434810	189888
15	30435469	30435590	19933
15	30435785	30435935	30857
15	30436300	30436421	27040
15	30436720	30436961	23734
15	30436980	30437279	68682
15	30437314	30437552	63760
15	30437559	30437802	59403
15	30443718	30443819	8460
15	30444490	30444730	23342
15	30445465	30445611	41698
15	30446135	30446313	30014
15	30491461	30491582	17383
15	30502610	30503055	36712
15	30516402	30516523	16568
15	30517090	30517211	18273
15	30653513	30653614	16862
15	30654453	30655055	69572
15	30659611	30659740	12750
15	30663282	30663404	13268
15	30664325	30664567	21347
15	30665143	30665384	44024
15	30669211	30669332	36938
15	30670258	30670358	20569
15	30672484	30672629	6994
15	30675476	30675603	20441
15	30679077	30679197	25696
15	30685454	30685556	30527
15	30687402	30687528	23969
15	30688273	30688487	35227
15	30689172	30689272	16767
15	30695909	30696152	60700
15	30696160	30696399	38063
15	30696433	30696995	83747
15	30697294	30697415	19078
15	30697780	30697930	19129
15	30698104	30698267	16538
15	30698924	30699288	51528
15	30699425	30699786	130293
15	30700102	30700203	33717
15	30700390	30700564	43874
15	30701743	30701918	51322
15	30701930	30702051	40733
15	30702095	30702195	5834
15	30702197	30702319	14241
15	30703300	30703422	44301
15	30703552	30703673	36344
15	30703745	30703866	15563
15	30704470	30704711	56442
15	30706280	30706401	27798
15	30762981	30763593	1443
15	30766558	30766732	47112
15	30769961	30770062	23717
15	30770896	30771017	27169
15	30771220	30771396	15215
15	30772906	30773110	12501
15	30775263	30775384	37503
15	30776683	30776804	13169
15	30799808	30800157	43302
15	30801254	30801426	32529
15	30804849	30804998	38415
15	30805817	30805918	27382
15	30808263	30808364	19942
15	30808673	30808815	37650
15	30809140	30810022	275285
15	30810405	30810600	24960
15	30844243	30844364	33634
15	30845933	30846174	77302
15	30846779	30846900	16936
15	30846972	30847093	37881
15	30847223	30847345	48041
15	30848134	30848252	23335
15	30848326	30848448	31273
15	30848451	30848551	69410
15	30848594	30848715	61944
15	30848727	30848903	80170
15	30849946	30850047	26549
15	30850079	30850254	34464
15	30850432	30850553	28202
15	30850860	30851221	117970
15	30851358	30851722	49872
15	30852378	30852499	16971
15	30852715	30852865	27653
15	30853230	30853351	25065
15	30853650	30854212	144143
15	30854246	30854485	32710
15	30854493	30854736	58324
15	30861376	30861476	16323
15	30862161	30862375	30115
15	30863120	30863246	57227
15	30865117	30865219	27810
15	30871482	30871602	24713
15	30875078	30875204	13735
15	30878053	30878197	18193
15	30880323	30880423	29857
15	30888840	30888962	22712
15	30892279	30892445	78873
15	30896291	30896412	32335
15	30897984	30898225	75959
15	30898832	30898953	23935
15	30899026	30899147	33865
15	30899278	30899399	48204
15	30900190	30900308	20381
15	30900382	30900624	68973
15	30900650	30900771	41304
15	30900783	30901024	57032
15	30902001	30902102	23211
15	30902201	30902335	27947
15	30902487	30902608	40635
15	30902915	30903777	209892
15	30904439	30904603	29001
15	30904776	30904926	46295
15	30905291	30905412	30697
15	30905648	30906273	137597
15	30906307	30906794	103883
15	30918403	30918576	3374
15	30918870	30919207	24684
15	30922879	30923000	7708
15	30925679	30925800	13898
15	30926318	30926679	26984
15	30927243	30927484	18463
15	30927640	30927882	15043
15	30930920	30931041	5117
15	30931908	30932033	7939
15	30936823	30936949	14113
15	30939843	30939944	6143
15	31040775	31040876	6230
15	31042562	31042804	38177
15	31060051	31060159	736
15	31082481	31082582	324
15	31085493	31085613	35581
15	31086489	31086589	29714
15	31086759	31086860	33206
15	31087957	31088058	19510
15	31089513	31089767	40993
15	31089920	31090041	21855
15	31090381	31090622	51334
15	31090817	31090972	34325
15	31091875	31092126	43319
15	31092212	31092362	35926
15	31092727	31092848	26511
15	31093026	31093708	138004
15	31093736	31094074	55946
15	31105258	31105358	13363
15	31107472	31107593	20865
15	31110190	31110311	11682
15	31114834	31114955	11997
15	31119979	31120100	3868
15	31128458	31128579	6469
15	31128914	31129155	28059
15	31174792	31174913	16850
15	31196792	31198143	52458
15	31198632	31198733	4147
15	31200269	31200510	8893
15	31202776	31203044	13703
15	31206026	31206304	9661
15	31210281	31210552	15481
15	31212738	31212866	6366
15	31214346	31214617	23907
15	31217260	31217531	16614
15	31217915	31218186	10927
15	31220716	31220869	7624
15	31221381	31221622	13886
15	31222688	31222929	4931
15	31229239	31229510	7832
15	31232973	31233074	2427
15	31233080	31233181	2959
15	31233500	31233601	2963
15	31233612	31234333	33845
15	31235062	31235276	14925
15	31238878	31238999	3452
15	31239260	31239537	16093
15	31240468	31240709	5268
15	31244144	31244265	3543
15	31245738	31245859	2288
15	31246909	31247124	9090
15	31251048	31251169	6774
15	31251219	31251340	4722
15	31253026	31253286	17165
15	31260106	31260227	7437
15	31266466	31266707	6803
15	31267108	31267229	8363
15	31268966	31269209	15670
15	31282948	31283069	10436
15	31283618	31283739	15538
15	31293987	31295308	105432
15	31318256	31318527	11002
15	31319097	31319338	17639
15	31320455	31320726	11369
15	31321497	31321634	3545
15	31323151	31323392	14422
15	31324836	31325197	23767
15	31327661	31327932	13359
15	31329858	31330099	26769
15	31330186	31330427	17089
15	31332311	31332559	13130
15	31334084	31334456	20642
15	31338360	31338481	1805
15	31339262	31339503	21749
15	31340055	31340176	7861
15	31341523	31341764	7967
15	31342493	31342858	24419
15	31352705	31352857	6966
15	31353619	31353740	7476
15	31354722	31354963	7028
15	31355286	31355527	6731
15	31357198	31357369	6013
15	31358213	31358484	22823
15	31359234	31359447	15191
15	31360037	31360308	22367
15	31362035	31362451	22866
15	31362625	31362746	3481
15	31369054	31369197	6580
15	31369457	31369558	4686
15	31618966	31619147	126
15	31619404	31620006	883
15	31664176	31664537	8724
15	31664647	31664871	16694
15	31666176	31666277	6285
15	31666691	31666842	5040
15	31666991	31667237	9735
15	31668293	31668425	8277
15	31668799	31668900	7028
15	31669032	31669132	5822
15	31669540	31669641	46630
15	31669706	31669806	16157
15	31669839	31670117	15544
15	31746197	31746348	7777
15	31775487	31776983	45311
15	31779347	31779498	9622
15	31779590	31779831	13135
15	31793846	31794087	11928
15	31795836	31796077	10983
15	31818486	31818727	19491
15	31819326	31819567	10755
15	31822899	31823021	11883
15	31851109	31851400	8083
15	31862159	31862430	16704
15	31947252	31947494	35879
15	31966935	31967042	4674
15	32058687	32058808	17969
15	32058928	32059049	11710
15	32059168	32059289	14691
15	32162887	32162987	0
15	32322763	32322939	192
15	32323019	32323290	9067
15	32393466	32393617	2602
15	32403981	32404110	7251
15	32404437	32404564	17170
15	32446086	32446207	33973
15	32449771	32450012	15030
15	32450588	32450830	28295
15	32451751	32451873	8237
15	32455417	32455546	548
15	32460098	32460700	125795
15	32460903	32461105	19129
15	32461193	32461348	13838
15	32461460	32461560	10710
15	32461643	32461743	18243
15	32461878	32462021	7786
15	32462289	32462545	36881
15	32462926	32463027	7813
15	32463238	32463345	6346
15	32463446	32463546	4651
15	32464540	32464649	31341
15	32464709	32464810	16355
15	32605880	32606001	17089
15	32606568	32606689	14162
15	32607138	32607259	16538
15	32620042	32620403	24231
15	32631512	32631657	12463
15	32634799	32634900	8625
15	32676504	32676619	22964
15	32677143	32677289	39911
15	32678024	32678264	76717
15	32678935	32679036	9885
15	32684949	32685192	36023
15	32685199	32685438	67186
15	32685472	32685772	33622
15	32685790	32686031	33591
15	32686330	32686448	17444
15	32686813	32686963	23335
15	32687137	32687279	34728
15	32687937	32688796	202486
15	32689103	32689224	27159
15	32689376	32689511	21068
15	32689610	32689711	21821
15	32690694	32690935	50803
15	32690947	32691068	46749
15	32691094	32691336	76024
15	32691410	32691528	23824
15	32692319	32692440	32531
15	32692571	32692692	29554
15	32692765	32692886	18405
15	32693495	32693736	65285
15	32695310	32695431	31896
15	32699276	32699443	77798
15	32702760	32702882	22586
15	32711937	32712038	4864
15	32713811	32713956	10893
15	32716800	32716927	23713
15	32720403	32720523	23871
15	32726788	32726890	36204
15	32728751	32728877	60545
15	32729622	32729836	36962
15	32730521	32730621	15905
15	32737273	32737516	60127
15	32737524	32737763	43085
15	32737797	32738359	56373
15	32738659	32738780	41711
15	32739145	32739295	33679
15	32739469	32739632	49686
15	32740289	32740653	75188
15	32740790	32741151	110591
15	32741458	32741579	21918
15	32741758	32741932	38852
15	32743113	32743223	20247
15	32743300	32743421	43917
15	32743465	32743565	59445
15	32743567	32743689	26916
15	32743770	32743871	14704
15	32744670	32744792	35076
15	32744922	32745043	30759
15	32745115	32745236	17590
15	32745842	32746083	61040
15	32747652	32747773	34044
15	32781470	32781665	21866
15	32782048	32782930	280348
15	32783255	32783397	18652
15	32783706	32783807	22464
15	32786201	32786302	28142
15	32787122	32787271	39291
15	32790695	32790867	31391
15	32792048	32792313	38956
15	32815313	32815434	12086
15	32816737	32816858	34536
15	32819013	32819216	12826
15	32820732	32820907	16132
15	32821110	32821231	12193
15	32822066	32822167	24183
15	32825395	32825569	50160
15	32828534	32828884	0
15	32828898	32829127	1820
15	32885717	32885838	65136
15	32887407	32887648	41267
15	32888254	32888375	17225
15	32888447	32888568	38115
15	32888698	32888820	43598
15	32889801	32889923	24217
15	32889926	32890026	60080
15	32890069	32890190	50487
15	32890268	32890378	6416
15	32891420	32891521	17453
15	32891553	32891728	43110
15	32891906	32892027	23387
15	32892334	32892695	115200
15	32892832	32893196	74184
15	32893853	32894017	44214
15	32894190	32894340	31033
15	32894705	32894826	27396
15	32895125	32895687	138370
15	32895721	32895960	40948
15	32895968	32896211	58956
15	32908353	32908596	21043
15	32912282	32912403	10089
15	32915679	32915800	13463
15	32916319	32916680	27448
15	32917241	32917482	20521
15	32917638	32917880	18765
15	32920900	32921021	7590
15	32921758	32921999	13609
15	32925123	32925364	13564
15	32926124	32926252	2824
15	32927925	32928166	11087
15	32928380	32930091	73480
15	32930931	32931031	6463
15	32931150	32931251	5682
15	32935725	32936054	20007
15	32971920	32972161	9585
15	32976692	32976933	9808
15	32983876	32984102	28589
15	32988701	32988822	1327
15	33010054	33010155	0
15	33010195	33010739	3822
15	33022867	33026871	224877
15	33066471	33066592	6618
15	33069011	33069137	5505
15	33090958	33091199	12734
15	33096446	33096567	7369
15	33149200	33149321	5850
15	33180311	33180552	8275
15	33191003	33191124	4490
15	33192131	33192372	7592
15	33194055	33194296	7038
15	33200664	33200794	8413
15	33202644	33202765	2002
15	33218357	33218478	6371
15	33256138	33256502	22243
15	33260887	33261744	35779
15	33300184	33300305	3200
15	33315365	33315465	4535
15	33357095	33357336	24444
15	33358677	33360118	96170
15	33380507	33380607	6679
15	33380999	33381175	10539
15	33411449	33411569	6342
15	33443398	33443639	11901
15	33445220	33447141	118827
15	33527928	33528169	6330
15	33528749	33528870	7767
15	33529100	33529221	6894
15	33533705	33533826	3260
15	33534319	33534440	3771
15	33534871	33534992	10440
15	33536410	33536531	5209
15	33537127	33537248	3975
15	33537459	33537700	8220
15	33537897	33538138	7127
15	33538294	33538415	4360
15	33538725	33538846	3360
15	33603201	33603331	970
15	33713035	33713136	2405
15	33757818	33758028	22927
15	33765490	33765799	12327
15	33795764	33796005	17705
15	33803616	33803717	10524
15	33822402	33822502	2110
15	33822768	33822889	5204
15	33825489	33825610	5655
15	33831485	33831726	8544
15	33832980	33833101	8790
15	33835808	33835929	12384
15	33840306	33840427	2889
15	33842317	33842558	8108
15	33855003	33855244	9555
15	33858818	33859059	23717
15	33872139	33872380	6139
15	33873655	33873896	14199
15	33876582	33876703	5395
15	33878136	33878377	31157
15	33893565	33893806	43200
15	33895263	33895624	17303
15	33905358	33905599	19986
15	33915994	33916235	7210
15	33920602	33920843	30377
15	33922071	33922312	7498
15	33923391	33923512	5678
15	33925108	33925349	12573
15	33926739	33926980	20510
15	33927796	33928037	8058
15	33928542	33928783	22899
15	33936494	33936735	14764
15	33938518	33938759	11599
15	33939581	33939702	6823
15	33941233	33941474	6665
15	33944880	33945121	21190
15	33951902	33952023	8233
15	33952329	33952690	13916
15	33954330	33955171	52914
15	33955716	33955957	9711
15	33961484	33961725	16067
15	33962507	33962776	22672
15	33988374	33988735	8143
15	33990018	33990259	23878
15	33991848	33992089	12404
15	33993108	33993349	15683
15	33999090	33999307	10828
15	34014884	34015125	6200
15	34016200	34016441	17868
15	34018525	34018766	11436
15	34021021	34021262	17294
15	34023603	34023964	31467
15	34028419	34028540	8875
15	34030599	34030840	13401
15	34031993	34032234	17441
15	34034544	34034672	7966
15	34038252	34038373	6080
15	34040266	34040507	10469
15	34040638	34040759	5049
15	34042156	34042277	9011
15	34042304	34042545	11944
15	34047202	34047443	8268
15	34048479	34048600	4594
15	34049615	34049856	24004
15	34060822	34060945	12809
15	34061281	34061402	4873
15	34064058	34064419	16917
15	34065714	34065835	5138
15	34072355	34072596	6989
15	34077841	34078202	21756
15	34080355	34080718	14906
15	34092953	34093074	6158
15	34094054	34094177	5637
15	34094230	34094351	4379
15	34099701	34099822	17739
15	34102643	34102884	13675
15	34103147	34103268	2570
15	34105008	34105249	10358
15	34105602	34105843	11030
15	34109049	34109170	3088
15	34110710	34110951	10403
15	34111921	34112043	8397
15	34112923	34113044	5083
15	34113459	34113580	6468
15	34113702	34113823	6645
15	34115173	34115294	6004
15	34117777	34117900	6347
15	34118400	34118521	16370
15	34118851	34118972	8421
15	34119382	34119503	7100
15	34123106	34123347	13866
15	34127099	34127340	12888
15	34129057	34129207	12695
15	34129774	34131215	95428
15	34132993	34133114	3950
15	34134029	34134270	9971
15	34135670	34135791	7162
15	34137041	34137282	22659
15	34140435	34140676	4036
15	34145205	34145326	10846
15	34145698	34145939	13120
15	34146558	34146679	8211
15	34146918	34147159	9380
15	34149926	34150167	14480
15	34151732	34151973	33776
15	34152766	34152887	6365
15	34153207	34153448	24816
15	34156303	34156424	6626
15	34157318	34157439	8867
15	34157908	34158052	4755
15	34158231	34158332	4782
15	34158750	34158991	19096
15	34159604	34160115	33254
15	34163080	34163241	5864
15	34168099	34168220	5742
15	34295200	34295441	12013
15	34330918	34331258	0
15	34354876	34357296	175658
15	34370697	34370797	3595
15	34376285	34376407	4294
15	34376489	34376730	13499
15	34380232	34380353	2069
15	34382465	34382706	7283
15	34388004	34388275	7024
15	34393771	34394050	9227
15	34394723	34398470	109812
15	34433404	34433554	6149
15	34433669	34433769	3332
15	34433939	34434139	7497
15	34434256	34434445	7540
15	34434494	34434615	11110
15	34437584	34437705	8339
15	34438945	34439066	4524
15	34439384	34439505	3938
15	34439544	34439695	4624
15	34440796	34441011	11560
15	34444919	34445310	20382
15	34446803	34446924	8293
15	34455697	34455938	10648
15	34517297	34517418	6769
15	34517672	34517913	24981
15	34519849	34520090	10981
15	34520588	34520829	16697
15	34521880	34522131	11159
15	34522148	34522319	4481
15	34522820	34523028	11178
15	34524833	34524933	2897
15	34524948	34525049	2460
15	34525892	34525993	7463
15	34526066	34526187	4742
15	34527327	34527568	33000
15	34528186	34528427	26894
15	34528899	34529026	6484
15	34529564	34529805	27558
15	34530396	34530637	13228
15	34531112	34531383	7546
15	34532824	34533065	12987
15	34533424	34533548	9637
15	34534241	34534482	5307
15	34536132	34536283	3139
15	34537423	34537664	7179
15	34537829	34538100	7671
15	34542466	34542587	7578
15	34542789	34542940	2067
15	34543057	34543298	9995
15	34544356	34544597	8567
15	34546458	34546849	15151
15	34547376	34547647	8849
15	34548395	34548516	5695
15	34549764	34550035	7765
15	34550958	34551199	22379
15	34553112	34553233	3936
15	34567506	34567627	2209
15	34610699	34610940	25103
15	34618138	34618238	4327
15	34628564	34628925	18333
15	34634117	34634358	19105
15	34635186	34635307	13263
15	34638167	34638288	8541
15	34640160	34640888	26818
15	34642847	34643088	15667
15	34645853	34646124	20294
15	34646608	34646969	22835
15	34647158	34647399	15265
15	34647669	34649710	71973
15	34649718	34649839	7406
15	34651107	34651208	2633
15	34651294	34651535	9111
15	34651746	34651987	18007
15	34652269	34652420	5820
15	34653515	34653786	16468
15	34654357	34654579	23024
15	34654753	34654874	4624
15	34654918	34655069	6832
15	34655548	34655699	9982
15	34655829	34655950	7708
15	34656152	34656303	8674
15	34656346	34656517	9570
15	34657197	34657439	8832
15	34657679	34657950	15653
15	34659178	34659311	2845
15	34671275	34671468	7554
15	34671746	34671847	3074
15	34672025	34672125	3480
15	34672164	34672329	3916
15	34673002	34673102	9339
15	34673249	34673349	13258
15	34673465	34673566	13324
15	34673591	34673832	70930
15	34673858	34674096	27156
15	34674147	34674490	51840
15	34674531	34674778	45918
15	34674957	34675305	59495
15	34675624	34675745	26071
15	34675879	34676120	41507
15	34676143	34676264	32788
15	34677182	34677556	73425
15	34677590	34677711	30804
15	34677898	34678019	18336
15	34678762	34679003	36836
15	34679069	34679169	26676
15	34679972	34680213	42413
15	34681807	34681928	25476
15	34697121	34697256	47398
15	34698198	34698299	10606
15	34702679	34702799	10721
15	34781814	34781935	2364
15	34782372	34782493	7732
15	34786735	34786856	7058
15	34787215	34787336	1569
15	34812805	34812928	41168
15	34813781	34813913	22018
15	34817296	34817396	2134
15	34817418	34817682	7656
15	34817965	34818066	1986
15	34818244	34818344	2342
15	34818400	34818550	3281
15	34819223	34819323	7060
15	34819470	34819570	12266
15	34819686	34819787	6478
15	34819812	34820053	9727
15	34820079	34820317	10863
15	34820368	34820711	51462
15	34820752	34820999	55156
15	34821178	34821526	65652
15	34821845	34821966	22038
15	34822100	34822341	40324
15	34822364	34822485	31276
15	34823403	34823777	65998
15	34823811	34823932	42740
15	34824119	34824240	22424
15	34824983	34825224	74997
15	34825290	34825390	23309
15	34826193	34826434	47993
15	34828028	34828149	25572
15	34848901	34849021	11482
15	35044644	35045605	67834
15	35046592	35046747	12803
15	35082402	35082804	15838
15	35083254	35083507	15804
15	35084265	35084506	13980
15	35084538	35084809	14996
15	35085426	35085787	30113
15	35086823	35087064	20313
15	35148968	35149329	50006
15	35152233	35152366	6318
15	35155033	35155274	4350
15	35159706	35159827	4528
15	35162916	35163157	19885
15	35165963	35166234	11231
15	35166820	35167091	12448
15	35168110	35168231	5461
15	35174693	35174891	6588
15	35176709	35176950	8401
15	35178643	35178914	10217
15	35182406	35182535	3851
15	35185854	35185984	13159
15	35189077	35189198	1996
15	35189681	35189952	17689
15	35192762	35193123	18397
15	35196500	35196741	20377
15	35198708	35198949	19505
15	35202303	35202544	17705
15	35207188	35207409	10470
15	35210397	35210638	8096
15	35212522	35212645	3256
15	35219226	35219349	2359
15	35222449	35222582	2564
15	35224455	35224696	8158
15	35226742	35226863	4846
15	35230884	35231035	14610
15	35233058	35233210	16514
15	35234185	35234306	5005
15	35235258	35235619	12854
15	35236437	35236678	7701
15	35240403	35240644	8398
15	35245042	35245163	5156
15	35252933	35253054	1711
15	35256401	35256522	4157
15	35261715	35261836	2956
15	35271269	35271470	7397
15	35271754	35271995	10153
15	35273516	35275692	112662
15	35376361	35376812	58185
15	35376968	35377089	16891
15	35377235	35377356	5445
15	35385358	35385479	7724
15	35529337	35529437	5571
15	35529727	35530264	57472
15	35590581	35591017	41196
15	35621942	35622043	2324
15	35664316	35664437	2235
15	35664457	35664565	1999
15	35665704	35665825	2419
15	35674008	35674129	2397
15	35703005	35703126	6171
15	35742823	35743064	9104
15	35746923	35747044	2394
15	35757376	35757476	2709
15	35799019	35799119	4265
15	35811837	35811937	2331
15	35814265	35814506	9510
15	35830450	35830691	16398
15	35834599	35834720	1998
15	35838269	35838390	1316
15	36872050	36872171	6563
15	36887152	36887252	3545
15	36936440	36936561	8807
15	36936889	36936990	4864
15	36937394	36937515	2917
15	36946267	36946388	9180
15	36950019	36950140	8868
15	36983312	36983520	8154
15	36983863	36983985	2453
15	36984290	36984411	6964
15	36989496	36989617	15159
15	37001395	37001516	2877
15	37001988	37002229	16955
15	37019559	37019659	4287
15	37026503	37026624	13155
15	37100468	37100894	18548
15	37100906	37101007	7590
15	37109667	37109988	63604
15	37110465	37110706	11891
15	37183213	37183579	8882
15	37183665	37183831	4219
15	37183870	37183971	4319
15	37184039	37184276	6047
15	37184288	37184696	17049
15	37186915	37187043	16821
15	37187315	37187472	2995
15	37188796	37188952	10486
15	37196579	37196679	1712
15	37242501	37242622	9563
15	37327533	37327634	3982
15	37328966	37329207	15126
15	37329987	37330087	2175
15	37338026	37338126	5526
15	37338138	37338251	2285
15	37374253	37374441	8106
15	37375907	37376148	8973
15	37385735	37385976	14824
15	37386691	37386812	5974
15	37387698	37387849	4963
15	37388439	37388696	7645
15	37390158	37390410	25300
15	37391246	37391452	4198
15	37391600	37391800	7695
15	37392588	37392746	32482
15	37402381	37402502	5814
15	38228473	38228714	7402
15	38228988	38229229	9159
15	38229480	38229631	8272
15	38230333	38230454	1385
15	38233286	38233437	7132
15	38233810	38233961	4880
15	38234362	38234513	7737
15	38235509	38235630	6892
15	38239815	38239936	2856
15	38243214	38243455	9274
15	38258784	38258885	5942
15	38545172	38545276	931
15	38545341	38545462	4064
15	38590719	38590819	2240
15	38591479	38591780	27342
15	38614374	38614645	18629
15	38616925	38617046	9192
15	38631865	38632136	15488
15	38641582	38641734	6392
15	38643178	38643899	40722
15	38643908	38644009	8275
15	38644097	38644293	5252
15	38644342	38644522	4889
15	38644607	38644758	9163
15	38645214	38645440	6904
15	38645532	38645665	5233
15	38645794	38645894	4588
15	38646042	38646222	8407
15	38746336	38746457	6526
15	38756184	38756425	20605
15	38757415	38757656	11272
15	38762395	38762636	11611
15	38765684	38765805	3588
15	38766319	38766560	8298
15	38773443	38773804	16817
15	38776441	38776870	12995
15	38781752	38781852	4767
15	38782208	38782308	4202
15	38782700	38782941	14410
15	38786534	38787015	19182
15	38790949	38791190	15594
15	38792260	38792392	4490
15	38793294	38793535	7008
15	38794446	38794687	8072
15	38795403	38795644	9567
15	38798019	38798140	6611
15	38799906	38800244	16318
15	38803741	38803982	21185
15	38804949	38805190	6961
15	38808353	38808594	24792
15	38810437	38810678	8046
15	38811476	38811631	9942
15	38818427	38818668	7149
15	38851992	38852233	15902
15	38856750	38856871	161
15	38988753	38988994	19220
15	38990329	38990761	10006
15	38991984	38992085	11396
15	39544281	39547049	109956
15	39874000	39874151	5349
15	39874342	39874973	27895
15	39875764	39875915	2365
15	39876167	39876408	22532
15	39876440	39876681	10163
15	39877656	39877777	11088
15	39879513	39879754	5371
15	39880209	39880450	16943
15	39880692	39880933	14773
15	39881098	39881598	26553
15	39881993	39882234	13601
15	39882707	39882834	7649
15	39883350	39883591	14607
15	39883643	39883884	23155
15	39884759	39885013	16266
15	39885191	39885438	17895
15	39885522	39885913	26789
15	39886287	39886408	7828
15	39886450	39886691	16697
15	39887505	39887626	4826
15	39893042	39893163	1858
15	39894500	39894601	4177
15	39909889	39910490	39047
15	39922249	39922350	2710
15	39996305	39996405	2691
15	40005630	40005833	16465
15	40018747	40018988	8041
15	40030255	40030412	8941
15	40031806	40032047	11077
15	40033992	40034113	3755
15	40056007	40056128	2461
15	40057748	40057989	25872
15	40062598	40062839	15067
15	40063243	40063463	8515
15	40063925	40064108	4450
15	40065328	40065494	5271
15	40066661	40066864	5494
15	40067538	40067645	3998
15	40068541	40068782	7528
15	40068904	40069041	5141
15	40069610	40069724	5873
15	40072226	40072448	8494
15	40074849	40074967	260
15	40093292	40094493	61856
15	40099151	40099475	11389
15	40212020	40212261	23231
15	40226280	40226553	1010
15	40231670	40231828	3916
15	40235573	40235724	8193
15	40241271	40241512	28713
15	40246007	40246195	5452
15	40247773	40248014	10683
15	40253921	40254162	7893
15	40257844	40258085	15340
15	40259481	40260112	32478
15	40265099	40265225	8801
15	40265750	40265991	15680
15	40268558	40269069	10086
15	40270252	40270373	3354
15	40277986	40278107	15585
15	40280123	40280364	13924
15	40282464	40282588	10097
15	40284341	40284462	6438
15	40284948	40285069	6664
15	40289154	40289276	5656
15	40290897	40291018	3451
15	40293095	40293486	29198
15	40294860	40295011	9298
15	40295333	40295574	31416
15	40299150	40299301	7572
15	40300190	40300431	12214
15	40301751	40301992	15231
15	40303423	40303574	10133
15	40308636	40308907	12708
15	40309254	40309495	16809
15	40311284	40311411	11577
15	40313042	40313283	11400
15	40314701	40314822	6161
15	40318168	40318300	3257
15	40321574	40321695	11945
15	40322547	40322668	6836
15	40324312	40324463	11566
15	40324918	40325039	8759
15	40326434	40326705	11907
15	40327165	40327316	2995
15	40328417	40328774	34933
15	40329141	40329262	4270
15	40329485	40329586	7252
15	40330473	40330605	2819
15	40331021	40331172	5297
15	40331244	40331365	7624
15	40357855	40358270	14630
15	40380250	40380350	3626
15	40381248	40381349	4831
15	40382097	40382198	2172
15	40382549	40382649	16412
15	40383307	40383407	5084
15	40383714	40383815	3243
15	40383947	40384099	6380
15	40396309	40396580	11609
15	40397930	40398321	23113
15	40400448	40400548	11100
15	40453347	40453498	2659
15	40457204	40457445	18924
15	40462231	40462352	10562
15	40462688	40462929	13959
15	40468654	40468895	10109
15	40475878	40476119	11766
15	40477351	40477592	8571
15	40477706	40477857	11470
15	40488709	40488985	8770
15	40491806	40491938	2547
15	40492381	40492622	13274
15	40493065	40493216	9697
15	40494574	40494695	6178
15	40494751	40494905	5935
15	40498340	40498701	23492
15	40500783	40501024	6485
15	40501754	40502025	7222
15	40502299	40502421	1206
15	40504623	40504894	14985
15	40505482	40505723	11505
15	40509631	40509902	11931
15	40510647	40510773	6608
15	40512741	40512982	11446
15	40522386	40522486	2136
15	40532790	40532891	2545
15	40543078	40543221	4252
15	40543751	40543852	5860
15	40544431	40544792	5687
15	40544837	40545099	6956
15	40556937	40557208	5761
15	40558008	40558729	45353
15	40564342	40564973	64453
15	40564982	40565253	22800
15	40565458	40565934	24043
15	40566258	40566529	20200
15	40568060	40568331	19137
15	40568347	40568461	7584
15	40568489	40568589	5521
15	40568679	40568880	10421
15	40569543	40569697	9277
15	40573648	40574787	3027
15	40580896	40581137	13117
15	40581454	40581575	6206
15	40582198	40582319	15084
15	40582734	40582885	6587
15	40582938	40583059	3551
15	40583180	40583888	13861
15	40584026	40584147	6568
15	40584250	40584371	6861
15	40584530	40584654	3339
15	40585085	40585236	9647
15	40585691	40585962	16276
15	40586422	40586663	12173
15	40587077	40587318	10802
15	40587382	40587503	4778
15	40588483	40588604	5867
15	40588648	40588845	7830
15	40588906	40589147	9386
15	40589672	40589823	5071
15	40590057	40590178	6496
15	40590351	40590622	26013
15	40590714	40590955	31200
15	40590960	40591201	20468
15	40591317	40591439	5916
15	40593751	40593851	2241
15	40594104	40594255	2292
15	40594272	40594423	3091
15	40594449	40594570	5289
15	40594588	40594859	11842
15	40595431	40595582	7707
15	40596179	40596300	4426
15	40599740	40599891	8449
15	40616256	40616718	193
15	40623884	40623985	2648
15	40626300	40626401	4979
15	40627298	40627929	20289
15	40627944	40628065	7460
15	40628728	40628879	17123
15	40628896	40629047	6706
15	40629475	40629677	9575
15	40629888	40630129	5532
15	40630240	40630364	6184
15	40630677	40631285	38330
15	40631675	40631830	4953
15	40632069	40632226	4826
15	40632959	40633200	17562
15	40645413	40645513	3347
15	40646498	40646599	11601
15	40648265	40648577	1589
15	40650417	40650678	459
15	40655779	40656170	18254
15	40656380	40656803	23555
15	40656975	40657216	10224
15	40657260	40657531	12249
15	40657786	40657937	8522
15	40659221	40662558	168542
15	40675019	40675535	29219
15	40678477	40678748	10174
15	40679322	40679443	6985
15	40681697	40681822	2170
15	40682022	40682143	5633
15	40683663	40683784	7096
15	40684095	40684246	9511
15	40685351	40685472	7549
15	40685582	40685853	36522
15	40697979	40698220	38606
15	40699820	40699941	7731
15	40700072	40700223	16138
15	40702790	40703031	10836
15	40703414	40703565	8269
15	40703700	40703941	18141
15	40705146	40705297	6804
15	40707043	40707194	9840
15	40707549	40707700	8211
15	40708267	40708391	9377
15	40708433	40708584	13022
15	40710274	40710515	25379
15	40726033	40726133	6549
15	40733288	40733425	0
15	40750628	40752105	61488
15	40754030	40754541	44604
15	40756018	40756259	10839
15	40756646	40756767	6495
15	40757522	40757644	11799
15	40758083	40758451	15573
15	40758696	40758839	5285
15	40759113	40759353	4151
15	40759512	40759612	12548
15	40759912	40760013	6169
15	40760043	40760143	3328
15	40760198	40760439	6906
15	40763376	40765363	116053
15	40773041	40773162	15932
15	40824449	40824549	6355
15	40845906	40846007	2489
15	40846160	40846367	7021
15	40849341	40849612	10452
15	40854887	40855278	23803
15	40856880	40857031	9177
15	40861478	40862190	57472
15	40863769	40864130	24340
15	40865671	40866512	54220
15	40866549	40866650	9756
15	40895085	40895206	1988
15	40897266	40897387	4994
15	40898559	40898680	3806
15	40901014	40901135	1396
15	40902407	40902528	3839
15	40903642	40903742	618
15	40907496	40907617	7214
15	40911121	40911272	5025
15	40912816	40917964	180259
15	40920215	40920456	11193
15	40920781	40920902	6336
15	40921428	40921579	5436
15	40933046	40933287	8189
15	40937178	40937299	6913
15	40937790	40938031	8747
15	40939167	40939288	8119
15	40942476	40942597	4838
15	40942700	40942821	3647
15	40943658	40943780	1835
15	40944191